ID

tag
battery_power
sort
Total energy a battery can store in one time measured in mAh

tag
blue
sort
Has bluetooth or not

tag
clock_speed
sort
speed at which microprocessor executes instructions

tag
dual_sim
sort
Has dual sim support or not

tag
fc
sort
Front Camera mega pixels

tag
four_g
sort
Has 4G or not

tag
int_memory
sort
Internal Memory in Gigabytes

tag
m_dep
sort
Mobile Depth in cm

tag
mobile_wt
sort
Weight of mobile phone

Label	Count
1.00 - 100.90	100
100.90 - 200.80	100
200.80 - 300.70	100
300.70 - 400.60	100
400.60 - 500.50	100
500.50 - 600.40	100
600.40 - 700.30	100
700.30 - 800.20	100
800.20 - 900.10	100
900.10 - 1000.00	100
1
1000
Label	Count
500.00 - 649.90	93
649.90 - 799.80	103
799.80 - 949.70	100
949.70 - 1099.60	112
1099.60 - 1249.50	97
1249.50 - 1399.40	114
1399.40 - 1549.30	86
1549.30 - 1699.20	84
1699.20 - 1849.10	102
1849.10 - 1999.00	109
500
1999
Label	Count
0.00 - 0.10	484
0.90 - 1.00	516
0
1
Label	Count
0.50 - 0.75	267
0.75 - 1.00	63
1.00 - 1.25	86
1.25 - 1.50	77
1.50 - 1.75	94
1.75 - 2.00	60
2.00 - 2.25	91
2.25 - 2.50	61
2.50 - 2.75	109
2.75 - 3.00	92
0.5
3
Label	Count
0.00 - 0.10	483
0.90 - 1.00	517
0
1
Label	Count
0.00 - 1.90	334
1.90 - 3.80	167
3.80 - 5.70	154
5.70 - 7.60	109
7.60 - 9.50	79
9.50 - 11.40	66
11.40 - 13.30	38
13.30 - 15.20	28
15.20 - 17.10	13
17.10 - 19.00	12
0
19
Label	Count
0.00 - 0.10	513
0.90 - 1.00	487
0
1
Label	Count
2.00 - 8.20	114
8.20 - 14.40	86
14.40 - 20.60	78
20.60 - 26.80	97
26.80 - 33.00	90
33.00 - 39.20	122
39.20 - 45.40	111
45.40 - 51.60	90
51.60 - 57.80	104
57.80 - 64.00	108
2
64
Label	Count
0.10 - 0.19	139
0.19 - 0.28	95
0.28 - 0.37	88
0.37 - 0.46	96
0.46 - 0.55	122
0.55 - 0.64	98
0.64 - 0.73	101
0.73 - 0.82	105
0.82 - 0.91	107
0.91 - 1.00	49
0.1
1
Label	Count
80.00 - 92.00	100
92.00 - 104.00	101
104.00 - 116.00	99
116.00 - 128.00	99
128.00 - 140.00	105
140.00 - 152.00	95
152.00 - 164.00	96
164.00 - 176.00	113
176.00 - 188.00	92
188.00 - 200.00	100
80
200
1
1043
1
1.8
1
14
0
5
0.1
193
2
841
1
0.5
1
4
1
61
0.8
191
3
1807
1
2.8
0
1
0
27
0.9
186
4
1546
0
0.5
1
18
1
25
0.5
96
5
1434
0
1.4
0
11
1
49
0.5
108
6
1464
1
2.9
1
5
1
50
0.8
198
7
1718
0
2.4
0
1
0
47
1
156
8
833
0
2.4
1
0
0
62
0.8
111
9
1111
1
2.9
1
9
1
25
0.6
101
10
1520
0
0.5
0
1
0
25
0.5
171
11
1500
0
2.2
0
2
0
55
0.6
80
12
1343
0
2.9
0
2
1
34
0.8
171
13
900
1
1.4
1
0
0
30
1
87
14
1190
1
2.2
1
5
0
19
0.9
158
15
630
0
1.8
0
8
1
51
0.9
193
16
1846
1
1
0
5
1
53
0.7
106
17
1985
0
0.5
1
14
1
26
1
163
18
1042
0
2.9
0
5
1
48
0.2
186
19
1231
1
1.7
1
2
1
37
0.2
194
20
1488
0
2.6
0
9
0
37
0.7
189
21
968
0
0.6
0
8
1
7
0.7
151
22
529
0
2.6
1
1
0
60
0.5
101
23
1558
0
1.7
1
7
0
50
0.1
115
24
533
1
0.7
1
16
0
58
0.8
97
25
1037
0
1.7
1
1
0
5
0.7
125
26
1025
0
1.6
1
6
1
43
0.7
122
27
1858
0
3
1
0
0
17
0.6
124
28
980
0
0.5
0
1
0
8
0.1
91
29
644
1
0.5
1
9
0
15
0.2
139
30
1024
1
1.6
1
0
1
38
0.8
81
31
1981
0
2.9
1
2
1
11
0.3
184
32
1380
0
2.6
1
15
1
56
0.5
187
33
1557
1
1.7
1
1
0
32
0.3
152
34
1201
1
2.2
1
10
0
49
0.8
175
35
1074
1
1.2
0
0
0
45
0.8
193
36
1175
1
2.1
0
3
0
33
0.9
124
37
1280
0
0.9
1
4
1
8
0.6
96
38
1715
0
0.6
1
1
1
28
0.4
112
39
1165
0
0.9
0
4
0
40
0.9
150
40
567
0
2.6
0
0
0
2
0.2
87
41
1952
1
1.4
0
2
0
47
0.8
190
42
822
1
1.4
1
2
0
43
0.3
189
43
685
1
0.5
1
0
0
12
0.5
121
44
1388
1
0.6
1
12
1
17
0.6
174
45
1972
0
2.1
0
2
0
48
0.6
188
46
1411
1
1.7
0
9
1
57
0.5
80
47
1094
0
2.3
1
2
0
20
0.9
135
48
1653
0
0.7
1
1
1
13
0.5
114
49
916
0
2
1
9
0
33
0.7
142
50
1712
0
0.8
0
1
0
29
0.3
149
51
882
1
0.9
1
13
0
32
0.8
103
52
632
0
1.2
0
6
1
33
0.5
101
53
1442
1
0.5
1
0
0
56
0.4
165
54
900
0
1.9
0
11
0
47
0.2
150
55
1630
1
0.6
1
4
0
20
0.9
153
56
1596
1
1.4
1
6
0
24
0.3
174
57
1272
1
0.5
0
9
1
54
0.6
133
58
1640
0
2.5
1
1
0
7
0.2
135
59
1111
0
1.4
1
10
0
15
0.5
198
60
1889
1
2.9
0
15
0
25
0.3
90
61
1907
1
1.1
1
1
0
22
0.1
80
62
529
0
2.5
1
5
0
56
0.3
139
63
578
0
0.5
0
3
1
38
0.7
121
64
1634
1
2.3
1
2
1
39
0.4
164
65
1533
1
1.2
1
1
1
22
0.6
172
66
660
0
0.6
0
5
1
47
0.1
83
67
1847
1
1.6
0
10
1
28
0.2
111
68
1206
1
0.5
1
6
0
10
0.8
134
69
549
1
0.5
0
3
1
53
0.8
173
70
1705
1
2.8
0
2
1
23
1
122
71
1366
0
0.5
1
4
0
36
0.1
185
72
1991
0
0.5
0
5
0
58
0.6
109
73
1102
1
1.2
0
5
1
40
1
175
74
1452
0
1.1
0
3
1
32
0.5
175
75
1810
1
1.1
1
6
0
63
0.9
151
76
1166
1
2.2
1
2
1
41
1
165
77
881
1
0.8
1
5
0
6
0.4
117
78
1134
1
0.5
1
0
1
64
0.5
166
79
1031
1
2
1
1
1
20
0.7
177
80
1376
1
2.4
1
0
1
34
0.4
167
81
1391
0
1.4
1
2
1
56
0.1
137
82
979
0
2.1
0
6
0
24
0.6
124
83
1075
1
1.9
0
0
0
36
0.6
127
84
968
0
0.5
1
13
1
61
0.1
168
85
1999
0
0.5
1
1
1
15
0.7
183
86
1626
0
2.7
0
3
0
20
0.1
164
87
942
0
1.7
1
14
0
28
0.8
153
88
1182
0
1.7
0
4
1
42
0.9
189
89
1982
1
0.8
1
9
0
48
0.4
98
90
1373
0
1.4
1
3
0
27
0.6
80
91
1151
0
1.7
1
8
0
44
0.5
107
92
1650
1
2.1
1
6
0
51
0.9
99
93
1663
1
0.6
1
0
0
17
0.7
152
94
1965
1
0.5
0
0
1
3
0.9
168
95
679
0
0.9
1
0
0
41
0.3
154
96
1465
0
2.5
0
2
0
3
1
90
97
1809
1
2.2
1
3
0
27
0.3
137
98
757
1
2.4
1
8
1
26
0.2
164
99
1034
1
0.7
0
7
1
47
0.2
105
100
1119
1
2.5
0
9
0
23
0.8
81
101
559
1
0.5
1
0
1
24
0.8
103
102
1204
1
1.8
0
9
0
19
0.8
113
103
1008
0
2.3
1
4
1
15
0.4
89
104
1397
1
2.7
1
4
0
19
0.5
146
105
697
0
0.6
1
0
1
34
0.1
114
106
1939
1
1.3
0
5
0
58
0.3
174
107
1039
0
1.9
1
2
0
15
0.7
113
108
1605
1
1.3
0
1
1
51
0.8
83
109
1094
0
1.6
1
2
0
34
0.6
128
110
769
1
0.5
1
1
1
30
0.8
190
111
861
1
0.6
1
0
0
40
0.1
132
112
504
0
0.9
1
4
0
63
1
169
113
1930
1
1.6
1
5
1
64
0.3
119
114
1795
1
0.6
1
10
0
52
0.3
140
115
1363
0
1.6
1
3
1
2
0.9
159
116
1376
1
2.8
0
3
1
38
0.1
195
117
1981
1
0.5
0
2
0
19
0.4
123
118
1901
0
2.7
0
4
0
62
0.7
133
119
1319
0
1.3
1
10
0
5
0.1
140
120
859
1
2.7
0
5
0
58
0.4
178
121
1664
1
2.1
0
10
0
25
0.1
147
122
955
0
0.5
1
0
0
62
0.4
151
123
517
0
1.5
1
3
0
38
0.1
97
124
1806
0
1.1
0
2
1
64
0.3
133
125
1348
0
0.8
0
6
1
50
0.1
123
126
1455
0
1.4
0
0
0
16
0.4
164
127
1611
0
1.7
1
5
0
25
0.6
92
128
1573
1
3
1
3
1
24
1
125
129
557
0
0.5
0
0
1
23
0.5
197
130
1599
1
0.5
0
4
0
31
0.1
130
131
1051
1
0.9
1
0
0
16
0.1
100
132
1857
1
1.4
1
0
0
14
0.9
102
133
1986
0
0.5
0
6
0
24
0.9
174
134
591
1
0.7
0
1
0
21
0.1
185
135
1140
0
1.6
1
0
1
56
0.3
131
136
923
1
0.6
0
0
1
10
0.8
80
137
1582
0
0.5
0
0
0
33
0.4
200
138
723
0
0.5
0
5
0
63
0.5
172
139
1251
1
3
1
3
1
54
0.8
83
140
574
1
1
1
4
1
60
0.1
139
141
948
1
0.5
1
5
1
60
0.2
116
142
1571
0
2.8
1
4
0
44
0.4
194
143
564
1
0.5
0
2
0
33
0.6
192
144
1466
0
2.4
1
14
1
57
0.9
155
145
597
1
3
1
0
0
16
0.5
140
146
895
1
2.5
1
10
1
9
0.5
148
147
1535
0
2.5
1
13
1
37
1
82
148
1832
1
0.7
0
7
0
44
0.3
125
149
1045
1
1.6
0
0
1
58
0.2
177
150
1483
1
0.8
0
4
1
61
0.6
128
151
976
0
2
0
0
1
5
0.9
184
152
1840
1
1.1
1
0
0
46
0.1
123
153
1807
0
0.6
1
0
0
8
0.1
89
154
624
1
1.6
1
14
0
30
0.1
192
155
1963
0
0.5
0
7
1
38
0.4
193
156
1307
1
0.5
0
0
1
4
0.3
132
157
1933
1
0.5
1
6
0
23
0.1
102
158
1496
1
1.3
1
0
0
42
0.9
124
159
1532
1
2
0
0
0
7
0.2
134
160
1004
0
1.1
1
7
1
8
0.8
97
161
1483
1
1.2
1
10
1
38
0.1
87
162
945
0
2.4
0
3
0
47
0.4
141
163
1081
0
3
0
7
1
17
0.1
89
164
1012
0
2.8
1
6
1
32
0.9
87
165
1762
0
1
0
5
0
50
0.9
104
166
796
1
2.3
1
1
1
36
0.3
127
167
1547
0
2.5
0
12
1
50
1
98
168
988
0
1.6
0
6
1
12
0.8
132
169
1180
1
3
0
7
1
43
0.8
102
170
852
1
1.9
0
3
1
3
0.5
161
171
607
1
0.8
0
1
1
18
0.2
146
172
1765
0
0.5
0
0
0
24
0.4
135
173
1250
0
0.5
0
18
0
63
0.7
165
174
1577
0
2.6
1
0
0
55
0.5
109
175
1153
1
0.5
1
5
0
14
0.2
135
176
651
1
0.7
0
0
0
35
0.4
113
177
1186
1
2.3
1
1
0
25
0.1
88
178
1429
1
2.5
0
6
0
33
0.1
121
179
556
0
0.9
0
4
1
10
0.8
135
180
1735
1
2.7
0
5
1
21
0.1
126
181
1859
0
0.7
0
8
1
42
0.1
127
182
915
0
1.3
0
3
0
10
0.1
188
183
890
0
0.5
0
5
0
9
0.4
113
184
758
0
2.8
0
13
0
48
0.7
101
185
541
0
2.1
0
0
1
28
0.4
156
186
586
0
2.9
1
6
1
33
0.2
195
187
762
1
0.6
1
11
1
39
0.7
164
188
683
0
0.5
1
0
1
9
0.8
186
189
1526
0
0.7
1
10
0
39
0.4
125
190
1771
1
2.4
0
6
0
39
0.7
188
191
639
0
1.3
0
5
0
28
0.9
113
192
1783
1
0.9
0
7
1
23
0.9
137
193
1933
0
1.2
0
16
1
55
0.2
166
194
1384
0
1.3
1
3
1
62
0.4
153
195
1770
0
2.6
0
12
0
26
0.5
80
196
1202
0
0.8
0
2
0
49
0.5
131
197
885
0
0.5
1
2
0
3
0.5
163
198
1629
1
2.3
0
2
1
2
0.8
86
199
1072
1
0.5
1
6
1
4
0.5
92
200
1863
1
2.5
1
0
0
64
0.7
89
201
1739
0
2.3
1
1
0
51
0.4
140
202
895
1
2.5
0
2
0
23
0.5
98
203
1278
1
2.8
1
0
0
56
0.6
179
204
562
1
1.1
1
1
1
43
0.3
141
205
1249
1
2.1
1
0
0
38
0.8
193
206
1811
0
1.2
0
18
1
25
0.8
185
207
560
1
2.9
1
1
1
12
1
161
208
1773
1
0.5
0
14
1
61
0.1
141
209
1715
1
2.1
0
5
0
11
0.4
100
210
725
0
0.5
1
0
1
26
0.8
176
211
800
1
2.2
0
5
1
41
0.1
103
212
1300
0
0.5
0
6
1
43
0.1
156
213
1001
0
0.8
0
0
0
48
1
98
214
500
0
1.3
1
13
0
64
0.9
134
215
1378
1
2.5
1
4
1
52
0.5
184
216
951
1
2.4
0
1
1
24
0.1
147
217
1038
1
0.5
1
1
0
48
0.2
99
218
987
1
1.2
1
1
0
20
0.9
108
219
1698
0
0.5
0
6
1
21
0.1
196
220
1762
1
0.9
1
14
0
11
0.1
107
221
785
0
2.4
0
6
0
16
0.2
135
222
1851
0
2.4
1
2
0
59
0.1
151
223
1698
0
0.5
1
2
0
62
0.4
189
224
1976
0
2.8
0
0
0
4
0.8
93
225
1649
1
0.5
0
4
1
53
0.4
162
226
1157
1
2.6
1
4
0
4
0.9
149
227
1702
0
0.5
0
1
1
54
0.4
131
228
1040
1
0.6
0
0
0
54
0.3
199
229
790
1
2.1
1
2
1
29
0.7
106
230
1429
0
2.9
0
2
0
58
0.2
128
231
739
1
3
0
14
0
56
0.7
103
232
1364
1
1.6
1
6
1
44
0.1
174
233
1580
0
2.8
1
0
0
45
1
196
234
1384
1
2.2
1
0
0
49
0.7
189
235
1037
0
2.9
1
2
0
57
0.7
83
236
1519
0
1.5
0
12
0
43
0.1
183
237
989
0
0.5
0
15
0
20
0.4
153
238
1040
1
0.5
1
3
0
41
0.8
116
239
1240
1
1.4
0
3
1
9
0.9
93
240
1273
1
2
0
15
1
7
0.9
143
241
1784
0
0.5
0
8
0
28
0.3
171
242
1169
1
1.4
1
7
1
51
0.1
177
243
703
1
2.4
0
1
1
27
0.1
138
244
959
1
1
0
5
1
15
0.4
119
245
1292
1
3
1
1
1
63
0.3
157
246
1927
1
2.1
0
0
0
5
0.9
139
247
1477
1
1.7
0
1
0
15
0.4
178
248
1759
0
0.5
1
9
0
58
0.2
101
249
831
0
2.2
0
0
1
31
0.3
197
250
1803
0
1.1
1
1
1
41
0.2
146
251
1361
0
0.6
0
0
1
64
1
91
252
1183
1
1.4
0
1
0
32
0.8
197
253
917
1
1.3
0
0
0
53
0.2
166
254
1278
1
0.5
1
2
0
7
1
192
255
1247
1
0.5
0
0
0
28
0.4
191
256
930
0
1
1
5
1
40
0.8
128
257
1019
0
1.7
1
0
1
5
0.7
177
258
1855
1
0.8
0
0
1
26
0.8
161
259
1730
0
0.5
1
4
0
54
0.7
93
260
1972
0
2.2
1
4
1
5
0.9
95
261
1887
0
2.3
1
4
0
35
0.9
115
262
1590
0
1.9
0
0
0
13
0.4
111
263
603
1
2.7
0
0
1
42
0.2
135
264
560
1
2.1
0
11
1
37
0.6
121
265
1981
1
1.6
1
10
0
34
0.1
117
266
1190
1
2.1
0
0
1
18
0.6
160
267
1396
1
0.8
1
7
1
10
0.3
108
268
1598
1
1.7
1
0
0
57
0.9
89
269
1692
0
2.2
0
5
1
11
0.1
151
270
628
1
0.5
0
0
1
26
0.5
106
271
1883
0
0.7
1
1
0
6
0.9
145
272
819
1
0.5
0
5
1
16
0.1
163
273
651
0
1.6
1
0
1
7
0.6
129
274
723
0
1.1
0
2
0
27
0.7
145
275
1367
1
0.9
0
2
1
58
0.6
184
276
1784
1
1.4
0
1
1
3
0.3
125
277
1744
1
0.9
1
5
1
35
0.3
137
278
1086
0
2.5
0
11
0
7
0.5
116
279
899
0
1.7
1
0
1
3
0.1
165
280
896
0
0.8
0
3
0
29
0.5
91
281
1714
0
1.6
1
9
1
59
0.5
186
282
1395
1
0.6
0
5
0
38
0.3
167
283
786
0
1.8
1
2
0
28
0.5
198
284
1687
0
1.2
1
4
0
14
0.9
120
285
669
1
2.6
1
18
1
10
0.6
171
286
1423
1
2.1
0
1
0
51
0.8
178
287
1600
0
2
1
5
0
44
0.1
98
288
1621
1
0.6
1
14
0
59
0.7
160
289
1672
1
1.9
0
10
0
37
0.3
194
290
1934
0
2.7
0
9
1
48
0.1
128
291
1650
1
0.6
0
0
0
62
0.3
81
292
1700
0
0.5
1
1
0
33
0.8
189
293
1550
1
2
0
1
1
29
0.6
171
294
626
0
1.9
0
4
0
8
0.2
185
295
1737
1
2
1
0
0
14
0.4
156
296
1370
0
1.7
0
1
0
6
0.7
113
297
1899
1
0.8
1
15
0
14
0.4
191
298
848
1
0.6
0
0
0
31
0.7
123
299
1430
1
2
1
0
1
16
0.2
171
300
768
1
0.5
1
1
0
45
0.1
175
301
1856
1
1.9
1
9
1
15
0.5
160
302
900
1
0.5
0
11
1
64
0.7
149
303
1729
0
2.3
1
0
0
38
0.2
136
304
1533
1
2.8
0
3
0
42
0.2
87
305
1210
1
2.3
0
0
0
63
0.9
141
306
1880
1
1.8
1
1
1
10
0.5
198
307
996
0
0.5
1
14
0
61
0.8
174
308
1175
0
3
1
12
1
40
0.1
172
309
1773
0
0.5
1
7
0
33
0.3
143
310
1263
0
2.4
1
11
1
54
0.6
100
311
1956
0
1.2
1
10
1
5
0.8
156
312
992
0
1.6
1
10
0
27
0.3
162
313
911
1
1.7
0
1
1
13
0.3
126
314
1979
0
0.5
1
15
0
54
0.3
136
315
1899
0
0.5
1
0
1
55
0.3
93
316
1649
1
0.8
1
1
1
40
0.1
159
317
1095
1
1.8
1
9
0
47
0.3
152
318
1074
0
0.7
0
0
1
61
0.6
117
319
656
0
2.7
1
0
1
48
0.2
164
320
1394
1
2.7
1
7
0
8
0.8
150
321
1632
1
1.1
0
2
1
45
0.8
132
322
1225
0
2.9
0
13
0
35
0.5
128
323
1337
1
2.4
1
0
0
48
0.9
107
324
1178
1
1.1
1
0
1
11
0.5
98
325
1269
0
1.5
1
1
0
51
0.7
180
326
1526
1
1.2
0
7
1
32
0.5
128
327
986
0
0.7
1
7
1
16
0.4
144
328
848
0
0.5
1
1
1
41
0.2
171
329
1904
1
0.5
1
8
0
14
0.5
95
330
803
1
2.2
1
0
0
16
0.1
105
331
1399
1
1.9
1
1
0
56
0.3
153
332
788
1
1.5
1
0
1
22
0.5
163
333
579
1
1.1
0
6
1
58
0.2
125
334
1010
0
0.7
1
4
1
28
0.5
195
335
530
1
0.5
1
0
0
47
0.5
93
336
1289
1
1.8
0
1
0
64
0.6
125
337
1877
1
0.5
0
4
0
10
0.9
123
338
1764
0
2.7
0
11
1
48
0.9
90
339
1709
0
2.2
1
1
1
13
0.6
191
340
1690
0
1.3
1
0
0
28
0.9
85
341
600
0
2.5
1
3
0
9
0.2
145
342
743
0
0.5
0
9
1
53
0.3
149
343
1850
0
2.2
1
9
0
41
0.8
133
344
1297
0
0.5
1
12
0
17
0.1
196
345
1706
0
1.8
1
10
1
44
0.2
137
346
1967
0
0.5
0
11
1
23
0.6
135
347
1392
1
0.5
1
6
0
63
0.5
181
348
1248
1
2.1
1
2
1
12
0.1
170
349
894
1
0.5
1
2
0
27
0.3
192
350
1829
0
0.5
0
2
1
54
0.6
98
351
1372
0
0.6
0
3
1
42
0.7
124
352
1429
1
1
0
7
0
11
0.7
150
353
706
0
0.5
1
10
1
4
0.8
190
354
649
0
1.9
0
0
0
51
0.6
179
355
1137
1
0.8
0
3
1
7
1
122
356
1320
1
0.5
1
11
1
6
0.2
164
357
792
0
0.8
0
7
0
48
0.5
144
358
918
1
2.7
0
7
0
25
0.9
149
359
929
1
0.5
1
7
1
13
1
146
360
767
1
0.5
1
4
0
30
0.8
100
361
1739
0
2.6
0
9
0
39
0.5
135
362
1315
0
0.5
0
0
1
15
0.4
134
363
1388
0
1.4
1
4
1
31
0.6
184
364
1981
0
2.5
1
1
0
36
0.3
94
365
569
0
0.5
1
1
1
53
1
170
366
1930
0
1.3
0
2
0
57
0.2
151
367
725
1
0.5
0
10
0
61
0.8
108
368
1690
0
2.2
0
0
0
51
0.8
130
369
712
1
1.4
0
1
1
33
0.2
86
370
1603
1
0.5
1
8
1
37
1
95
371
1850
1
2.8
0
0
0
18
0.1
132
372
1472
1
0.7
1
4
1
41
1
145
373
1858
0
0.7
1
1
1
43
0.2
167
374
1543
1
2.6
1
0
1
46
0.8
116
375
652
1
2.8
1
4
0
37
0.8
174
376
546
0
1.8
1
6
1
55
0.9
100
377
1408
1
1.4
1
1
0
6
0.9
145
378
1021
0
1.5
1
3
1
31
0.1
97
379
567
0
1.4
1
14
0
60
0.1
111
380
1967
1
2.6
1
4
0
62
1
91
381
1658
0
2
1
8
1
61
0.1
180
382
1088
1
3
1
2
1
52
0.3
164
383
542
1
0.7
0
2
1
12
0.2
185
384
788
0
1.6
1
6
1
52
0.1
96
385
576
1
2.5
1
10
0
57
0.7
179
386
950
1
1.6
0
5
1
41
0.5
188
387
518
1
0.8
0
3
1
17
0.5
133
388
1996
1
1.9
0
4
0
55
0.3
81
389
1197
0
2.9
0
6
1
38
0.1
83
390
1006
1
2.5
1
9
0
14
0.7
186
391
1679
1
1.5
0
2
1
4
0.1
133
392
1262
0
1.4
1
7
1
64
0.1
116
393
560
0
1.3
1
13
0
29
1
160
394
904
0
2.4
0
5
1
55
0.6
158
395
1834
1
2.1
0
1
1
55
0.1
137
396
681
0
1.2
1
8
0
13
0.8
87
397
687
0
0.6
1
13
1
14
0.4
185
398
863
0
2.9
0
11
1
52
0.8
119
399
518
1
2.7
0
0
1
45
0.7
159
400
1488
0
1.8
0
0
1
2
0.1
124
401
944
0
2.4
0
0
0
35
0.5
127
402
1283
0
0.5
1
6
0
48
0.5
176
403
817
1
1
1
13
1
40
0.8
140
404
804
0
2.6
1
2
0
49
0.6
105
405
1883
1
2.6
0
2
1
50
0.1
169
406
1177
0
0.5
0
5
1
2
0.9
141
407
1765
1
2
0
7
0
18
0.9
85
408
1997
0
2.1
0
10
1
60
0.7
84
409
989
1
2.6
1
1
0
14
0.2
148
410
1370
1
0.6
1
0
1
56
0.5
124
411
861
0
0.5
0
0
0
64
0.8
105
412
1745
0
1.8
0
0
0
45
0.1
110
413
1187
0
0.6
1
0
1
4
0.7
92
414
1422
1
1.8
0
12
0
3
0.9
145
415
658
1
2.4
0
0
1
38
1
94
416
1180
1
2.3
1
0
1
32
0.8
97
417
521
1
2.6
1
1
1
64
0.8
200
418
666
0
1.1
0
1
1
28
0.9
179
419
805
1
1.5
0
0
0
25
0.3
174
420
1008
1
2.9
0
0
0
39
0.9
161
421
986
0
2.8
0
0
1
26
0.1
80
422
1655
0
2
0
0
0
23
0.6
192
423
1391
1
0.5
0
0
1
53
0.2
114
424
1042
1
0.5
1
11
0
13
0.1
148
425
916
1
1.1
1
5
1
44
0.9
116
426
681
0
2.6
0
1
0
29
0.9
162
427
1224
1
1.1
1
1
1
34
1
138
428
1234
0
2.1
1
4
1
44
0.4
107
429
1093
1
2.7
0
8
0
63
0.5
138
430
583
0
0.5
0
9
1
33
0.9
136
431
1598
1
1
1
8
1
49
0.5
115
432
1988
1
2.8
1
3
0
34
0.4
163
433
1746
0
0.5
1
9
0
51
0.8
184
434
907
1
2.7
0
8
0
53
0.7
156
435
1472
0
0.5
0
3
1
53
0.7
103
436
916
1
1.3
0
5
0
10
0.8
173
437
1427
1
0.8
1
2
0
31
0.9
186
438
1101
1
2.9
1
3
0
5
0.5
141
439
723
1
0.5
0
0
0
36
0.8
104
440
1403
0
0.7
1
4
0
32
0.1
117
441
657
1
0.8
1
4
0
45
0.1
87
442
1688
1
0.8
0
0
0
14
0.9
118
443
1086
0
0.5
0
10
0
35
0.6
125
444
876
1
1.1
0
2
1
48
0.9
196
445
1065
0
0.5
0
0
0
25
0.6
189
446
1235
0
1.5
0
3
0
33
0.1
164
447
1959
1
2.7
0
0
1
2
0.2
92
448
650
1
1.5
0
12
0
48
0.8
187
449
1465
1
2.9
0
0
0
38
0.3
88
450
1030
0
0.9
0
6
1
29
0.1
113
451
853
1
1.9
1
17
1
26
0.5
94
452
744
1
2.2
0
6
1
52
0.9
196
453
583
1
1.1
1
15
0
24
0.4
168
454
690
0
0.5
0
2
0
62
0.3
88
455
683
1
1.9
1
16
1
56
0.1
190
456
590
0
2.3
1
2
0
30
0.3
178
457
1266
1
1
0
0
1
2
0.7
87
458
815
1
1.8
0
9
0
18
0.9
83
459
1893
1
1.5
1
0
1
42
0.5
179
460
1202
0
2.5
1
3
0
22
0.4
112
461
1577
1
1.5
0
16
1
3
0.7
180
462
1234
0
2.9
0
8
1
44
0.8
129
463
717
0
1.8
0
1
1
25
0.4
173
464
1074
1
1.5
0
5
0
35
0.6
193
465
1439
1
1.2
0
11
1
58
0.2
183
466
983
1
1.6
0
7
1
55
0.4
168
467
1988
0
2.5
0
7
1
63
0.6
153
468
1692
0
1.3
1
0
1
25
0.7
149
469
718
1
0.5
1
2
0
35
0.9
181
470
1519
0
0.5
0
0
1
36
0.6
93
471
776
0
3
1
9
0
9
0.5
110
472
881
1
2.8
0
1
0
36
0.5
167
473
1018
0
0.6
1
0
1
25
0.8
152
474
1031
1
0.5
1
2
1
31
0.1
82
475
875
0
1
0
14
0
37
0.6
151
476
1341
0
1
0
5
1
40
0.2
128
477
560
1
2.4
0
4
1
5
0.3
106
478
1719
0
2.1
0
0
1
63
0.7
189
479
1703
0
1.6
0
16
1
43
1
139
480
1408
1
1.8
0
1
0
59
0.8
168
481
701
1
0.8
0
3
0
53
0.2
87
482
1560
1
0.5
0
14
0
47
0.3
172
483
695
1
1
0
4
0
51
0.8
93
484
1487
0
0.6
0
18
1
6
0.8
191
485
1546
1
2.7
0
3
0
55
0.2
115
486
511
1
0.7
0
12
1
43
0.4
120
487
507
0
1.1
0
5
0
33
0.6
186
488
1490
1
1.1
0
2
0
10
0.6
130
489
1859
0
0.5
0
0
1
52
1
187
490
1257
0
1.8
0
3
1
31
0.6
155
491
926
0
2.7
1
0
1
29
0.7
118
492
1303
0
0.5
0
2
0
7
0.6
98
493
657
0
1.6
1
0
0
35
0.6
143
494
1812
0
0.9
1
9
0
44
0.2
197
495
1943
0
0.5
1
0
1
29
0.4
121
496
1082
1
0.9
0
4
1
24
0.9
167
497
721
1
2.6
0
1
0
49
0.6
168
498
654
1
1.5
1
2
0
56
0.7
122
499
1948
1
0.7
0
2
0
31
0.4
122
500
1242
0
1.8
1
4
1
56
0.1
122
501
1453
1
0.5
0
0
0
24
0.3
156
502
1948
1
2.7
0
3
1
13
0.2
164
503
1232
0
0.9
0
5
0
58
1
142
504
795
0
0.5
1
4
1
55
0.3
155
505
1915
0
0.5
0
4
0
24
0.2
106
506
532
0
0.5
0
7
0
51
0.6
180
507
1899
1
0.5
0
4
1
28
0.1
95
508
1767
0
2
0
5
0
31
0.6
88
509
1667
1
2.5
0
17
0
5
0.8
119
510
1346
0
2.6
1
5
0
31
0.3
140
511
958
1
2.4
0
1
0
54
0.9
166
512
1391
0
1.5
1
6
1
39
0.9
88
513
1176
1
2.3
0
0
0
56
0.7
103
514
1863
0
1
1
5
1
16
0.4
113
515
1911
0
1.1
1
3
1
16
0.7
154
516
1789
1
1.8
1
6
1
36
0.5
123
517
972
1
1.6
0
2
0
64
0.1
85
518
1256
0
0.5
0
3
0
8
0.4
191
519
1846
0
1.3
1
0
0
35
0.7
107
520
1900
0
1.4
0
0
0
41
0.4
112
521
769
1
0.6
1
19
1
52
0.7
118
522
756
0
1
0
0
0
33
0.2
177
523
1728
0
2.3
1
0
1
43
0.7
152
524
1970
0
2.9
0
3
1
9
0.2
163
525
1021
0
2.1
1
6
1
47
0.3
173
526
888
0
2.5
1
5
0
14
0.9
98
527
1419
0
0.5
0
0
0
39
0.2
189
528
1959
1
0.5
0
0
0
30
0.1
153
529
1394
0
0.6
0
1
0
63
0.4
103
530
1715
1
2.5
1
2
1
30
0.9
134
531
588
0
2.9
1
1
0
40
0.3
116
532
1607
1
0.5
1
2
1
29
0.7
105
533
1171
1
2.8
0
8
1
47
0.4
192
534
1138
0
1.5
1
0
0
57
0.2
85
535
1096
0
1.2
1
3
0
40
0.6
113
536
906
0
3
0
10
1
14
0.5
83
537
740
0
3
1
0
1
47
0.7
166
538
1435
1
0.5
1
10
1
62
0.1
150
539
1745
1
1.2
0
3
1
21
0.2
89
540
1995
0
2.6
1
2
1
4
0.8
171
541
1813
0
1.8
1
10
1
28
0.5
159
542
1719
1
1.9
1
2
0
40
0.1
118
543
812
0
0.5
1
1
1
17
0.6
182
544
987
1
2.9
0
0
1
63
0.3
154
545
977
1
0.7
0
5
0
50
0.5
106
546
1289
1
0.7
0
0
0
7
0.1
99
547
1125
1
0.5
0
3
0
42
0.9
158
548
1733
1
1.9
1
14
0
28
0.8
104
549
1333
1
1.2
1
1
0
35
0.9
198
550
964
1
3
1
3
1
48
0.9
131
551
1613
0
1.3
0
1
1
24
0.4
195
552
1123
1
1.2
0
1
0
8
0.6
171
553
1913
1
2.8
0
0
1
7
0.3
136
554
1302
0
0.5
0
3
1
20
0.6
184
555
797
0
1.4
1
0
1
9
0.1
104
556
1074
1
1.5
1
5
0
9
0.1
174
557
1411
1
2.6
0
0
0
61
0.3
165
558
1502
1
2.2
1
0
1
16
0.5
187
559
983
1
1.5
0
1
0
22
0.1
170
560
1457
0
0.5
1
7
0
8
0.3
120
561
1315
1
0.9
0
3
1
40
0.6
162
562
1514
0
0.7
0
11
0
11
0.2
187
563
1604
1
0.5
1
0
1
63
0.8
169
564
1919
0
0.6
1
11
1
63
0.9
109
565
1152
1
3
0
2
0
44
1
80
566
664
1
2.9
0
10
1
40
0.1
173
567
1848
0
0.5
0
9
0
36
0.1
174
568
1319
0
2
1
9
1
28
0.8
178
569
1189
1
2.5
0
4
1
20
0.3
171
570
1130
1
1.3
1
1
1
59
0.8
98
571
654
1
1.3
1
11
0
5
0.7
199
572
727
1
0.5
1
0
1
42
0.1
163
573
1688
0
0.9
1
7
1
53
0.3
88
574
1275
0
0.5
0
1
0
44
0.6
136
575
1108
1
2.2
1
3
1
37
0.4
143
576
839
1
2.7
0
4
0
37
0.7
93
577
1464
0
0.5
1
1
1
6
0.4
97
578
750
1
1.3
0
0
0
33
0.8
156
579
1749
0
1.1
0
9
0
57
0.6
183
580
1229
1
0.5
0
2
0
42
0.1
197
581
1506
1
2.9
1
19
1
47
0.6
130
582
1887
0
2.1
0
0
0
23
0.5
148
583
652
0
0.5
0
6
0
3
0.6
193
584
1422
1
2.8
0
7
0
30
0.5
99
585
709
0
1.9
1
10
0
63
0.3
150
586
583
0
0.5
1
1
1
62
0.8
84
587
941
0
1.3
1
3
0
26
0.4
128
588
763
0
1.2
1
4
1
59
0.6
119
589
1581
1
1.4
0
0
1
55
0.6
138
590
1045
0
1.5
1
5
0
25
0.3
83
591
1308
1
0.5
1
0
0
34
0.5
169
592
702
1
1.2
1
1
0
38
1
82
593
868
1
2.8
0
4
1
36
0.2
175
594
877
1
2.3
1
16
0
12
0.9
107
595
1275
0
0.5
1
5
0
24
0.3
184
596
1439
1
0.5
1
0
0
50
0.7
182
597
510
0
1.3
1
0
1
15
0.5
131
598
1038
1
1.8
0
1
1
42
0.2
150
599
529
1
1.4
1
13
1
32
0.7
139
600
1203
1
1.7
0
8
1
20
0.7
157
601
768
1
2.5
0
10
0
13
0.2
133
602
1780
1
1.5
1
2
0
30
0.2
82
603
1021
1
0.9
1
2
1
9
0.5
184
604
1334
0
1.2
1
0
0
35
0.1
199
605
1153
1
0.5
0
2
1
34
0.6
133
606
1138
1
1.8
1
0
1
51
0.3
172
607
1263
0
2.3
0
13
0
4
0.9
178
608
825
0
2.5
0
11
0
56
0.7
173
609
1894
1
0.5
1
10
0
16
0.1
172
610
1383
0
1.7
0
11
1
40
0.1
147
611
837
1
1.1
1
2
0
27
0.5
167
612
640
0
2.3
0
0
0
63
0.2
94
613
1194
1
2.2
1
3
0
3
0.2
90
614
520
0
0.6
1
2
1
44
0.6
127
615
942
1
2.5
0
6
0
11
0.5
196
616
558
1
2.2
0
5
1
24
0.1
169
617
1733
0
1.6
1
9
0
56
0.5
111
618
1210
0
1.3
0
0
1
52
0.1
183
619
880
0
0.5
1
7
1
32
0.5
141
620
1938
1
1.4
1
4
0
60
0.4
171
621
657
0
1.3
1
4
0
28
1
118
622
1273
0
0.5
1
6
1
47
0.2
98
623
1842
1
0.5
0
0
1
19
0.2
147
624
1567
1
1.3
0
8
0
45
0.6
99
625
914
1
1.7
1
6
0
36
1
128
626
1568
0
1.8
1
4
0
22
0.1
119
627
873
1
0.5
0
4
1
30
0.2
175
628
1371
0
0.5
0
0
1
57
0.8
108
629
1739
0
1
0
1
0
15
0.9
100
630
630
0
2.2
0
1
0
56
0.2
119
631
1507
0
3
0
0
1
54
0.3
112
632
735
1
0.5
1
4
1
17
0.6
131
633
941
0
2.5
0
1
1
41
0.3
117
634
1216
0
1.7
1
1
0
26
0.7
116
635
621
1
1.9
1
10
0
3
0.6
148
636
934
1
2.4
1
3
0
61
0.2
138
637
1962
1
0.7
1
1
1
18
0.9
159
638
574
1
0.5
1
0
0
41
0.8
85
639
1078
1
2.5
0
3
0
56
0.6
158
640
761
0
1.3
0
15
1
37
0.9
174
641
1758
1
2.1
0
14
0
29
0.1
155
642
1745
1
2
0
13
0
47
0.6
154
643
1657
1
1.9
0
1
1
40
0.2
170
644
968
1
0.9
0
10
1
26
0.5
88
645
1329
0
2.8
1
1
0
10
1
105
646
1923
0
0.5
0
2
1
13
0.7
147
647
613
0
2.5
0
0
0
53
0.4
200
648
1268
0
2.7
0
4
0
53
0.5
141
649
519
1
2.9
0
2
0
3
0.6
83
650
1157
1
2.8
1
16
0
19
0.5
87
651
519
0
0.6
1
7
1
45
0.1
186
652
1308
1
2.2
1
1
0
51
0.2
113
653
1403
1
0.5
0
4
1
42
0.5
144
654
936
0
2.7
0
2
1
38
0.6
122
655
1878
0
0.8
1
8
0
31
0.5
183
656
1141
1
2.9
1
1
1
2
1
92
657
794
1
2.7
0
2
1
3
0.3
127
658
1260
0
1.9
1
3
0
60
0.9
85
659
1281
0
3
1
2
1
6
0.6
191
660
1208
0
2.7
0
0
0
17
0.2
168
661
1023
1
2.8
1
16
0
44
0.7
176
662
1515
0
2.2
0
9
0
36
0.1
118
663
1333
1
1.8
1
1
0
45
0.6
128
664
529
1
2.3
0
3
1
58
1
197
665
1887
0
1.7
0
6
1
41
0.9
81
666
876
0
2.7
0
12
1
41
0.3
92
667
687
1
2
1
13
1
56
0.8
131
668
1153
1
2.8
1
0
1
62
0.2
94
669
1637
1
1.7
1
5
1
33
0.4
118
670
1131
1
0.8
0
0
1
27
0.9
162
671
1764
1
1.2
0
0
1
8
1
125
672
1544
0
1
1
2
1
64
0.3
193
673
844
1
0.7
0
3
1
22
0.9
172
674
985
1
0.5
1
4
1
5
0.8
158
675
703
0
1.3
1
6
1
18
0.1
178
676
1906
0
0.9
1
3
0
14
0.5
114
677
617
0
2.1
1
11
0
40
0.9
108
678
617
1
0.6
0
7
0
47
0.5
153
679
716
1
1.3
1
0
1
56
0.7
167
680
676
0
1
0
1
1
54
0.8
182
681
1770
1
2
0
8
0
12
0.8
118
682
1857
0
1.9
1
0
0
62
0.6
147
683
524
0
0.9
1
8
1
10
0.1
85
684
576
0
0.9
1
8
0
56
0.1
174
685
553
1
0.5
1
2
1
8
0.5
153
686
1012
1
2.2
1
10
1
8
1
181
687
823
0
2.5
0
11
1
24
0.5
195
688
1928
0
0.5
1
5
0
44
0.9
109
689
804
0
1.5
0
5
1
12
1
183
690
1517
0
1.6
1
0
1
42
0.7
101
691
1500
0
2.8
1
7
0
39
0.1
176
692
1425
1
1.2
0
4
1
37
0.7
135
693
547
0
2.4
1
4
1
3
0.4
197
694
1886
0
3
0
13
1
26
0.5
115
695
1804
1
0.5
0
1
1
4
0.5
111
696
685
0
2.2
1
2
1
2
0.4
172
697
1352
0
0.5
1
8
1
22
0.9
111
698
1785
1
2.5
0
0
0
18
0.1
180
699
1300
0
1.9
1
4
0
61
0.5
143
700
1184
1
2.1
0
2
1
33
0.5
199
701
1180
0
2.3
1
7
1
24
0.2
198
702
886
1
0.9
1
13
1
2
0.6
102
703
1309
0
1.5
0
9
1
12
0.9
98
704
744
0
0.5
0
1
0
38
0.3
188
705
1408
1
2
1
1
1
59
0.9
172
706
734
1
2.7
1
1
1
32
0.8
93
707
500
0
1.4
0
0
0
28
0.4
128
708
1745
0
2.8
1
0
0
45
0.7
186
709
1296
1
1
1
6
0
43
0.2
171
710
1256
0
0.5
0
15
1
51
0.6
83
711
782
1
1.8
1
8
0
20
0.6
109
712
965
1
0.8
0
5
0
24
0.7
105
713
652
1
2.9
1
4
1
14
0.2
196
714
1847
0
2.8
1
6
0
29
0.7
112
715
1363
1
2.1
1
9
1
46
0.5
120
716
1946
0
0.5
0
0
1
39
0.4
112
717
1701
1
1.6
1
2
1
53
0.8
88
718
1754
1
0.5
1
13
0
38
0.9
83
719
1938
0
2.9
0
0
1
37
1
94
720
992
1
2.6
1
10
0
52
0.3
107
721
897
0
2.4
1
7
1
38
0.8
110
722
1423
1
0.5
1
7
0
58
0.9
112
723
1343
0
0.5
1
6
1
23
0.4
97
724
761
1
2.6
0
5
1
52
0.8
141
725
1742
0
1.4
1
3
1
20
0.1
134
726
1181
1
0.8
1
0
1
51
0.9
198
727
1754
0
1.7
1
1
1
58
0.9
197
728
1315
1
0.5
1
0
1
58
0.8
86
729
649
0
2.9
0
0
0
38
0.5
130
730
1967
1
0.6
0
2
0
25
1
109
731
926
0
1.7
0
2
0
12
0.8
179
732
933
0
1.8
1
9
0
33
0.2
191
733
913
0
1.7
1
12
0
58
0.2
200
734
1651
0
0.5
0
1
1
57
0.2
193
735
1154
1
1.7
0
5
1
42
0.5
117
736
1181
1
1.6
1
5
1
32
0.2
181
737
1933
0
0.5
1
0
0
63
0.4
181
738
1341
0
1.4
0
8
1
38
1
170
739
534
1
1.5
1
3
1
3
0.3
89
740
1324
1
0.9
1
7
1
28
0.7
95
741
1803
1
2.6
0
7
1
9
0.9
112
742
1888
1
2.7
0
1
1
53
0.1
146
743
1540
0
1
0
4
1
40
0.4
162
744
1590
1
2.4
0
5
0
15
0.9
157
745
1183
0
0.5
1
11
0
24
0.6
130
746
1774
1
0.5
1
1
0
45
0.8
145
747
1159
0
2.1
0
2
1
27
0.7
137
748
723
1
1.9
1
0
1
10
0.5
159
749
543
0
0.9
0
3
1
6
0.4
91
750
1348
1
0.5
1
18
0
40
0.1
148
751
1836
0
0.6
0
18
1
57
0.8
111
752
1290
0
1.3
0
0
0
31
0.7
117
753
645
1
2.9
1
3
0
5
0.1
185
754
1654
0
2
0
2
0
58
0.7
119
755
1156
1
2.3
1
0
1
3
1
95
756
1341
1
2.6
0
4
0
43
0.4
194
757
1427
0
0.6
0
8
1
40
0.8
121
758
1541
0
1.6
0
1
1
7
0.5
143
759
1693
1
1.4
0
9
0
41
0.1
139
760
1567
0
3
0
13
0
23
0.6
178
761
1564
0
1.7
0
5
0
35
0.9
173
762
1787
0
1.1
0
4
0
11
0.4
103
763
770
1
0.6
0
12
1
33
0.4
90
764
1748
1
0.8
0
1
0
7
0.5
189
765
1859
0
0.5
1
0
1
47
0.1
85
766
975
1
0.9
0
5
0
6
0.6
163
767
1597
0
0.9
1
2
1
10
0.6
172
768
1941
0
2.3
1
9
0
42
0.7
108
769
1061
0
2.6
1
6
0
49
0.6
133
770
1620
1
2
1
7
1
11
0.5
191
771
1366
1
1.3
0
5
0
51
1
129
772
1324
0
1.7
1
9
0
46
0.1
107
773
1363
1
2.6
1
1
1
39
0.2
129
774
1570
1
2.8
0
0
1
18
0.4
148
775
1524
0
2.1
1
6
1
64
0.4
83
776
1179
0
2.1
0
0
0
2
0.3
93
777
1555
0
0.5
1
8
1
2
0.9
90
778
981
1
0.5
1
1
0
15
0.5
159
779
1920
1
2.5
0
6
1
8
0.4
194
780
1470
0
0.5
0
0
0
54
0.1
84
781
1986
0
0.8
0
5
1
13
0.2
108
782
1371
0
2.8
1
2
1
19
0.6
94
783
1852
0
1.6
1
5
1
25
0.1
85
784
1472
0
1.4
1
7
0
6
0.1
182
785
1055
1
1.2
1
18
1
29
0.8
101
786
1371
1
2.1
1
0
0
3
0.3
173
787
782
0
1.1
0
0
1
38
0.4
199
788
1452
1
0.9
1
6
1
36
0.5
82
789
519
1
2
1
11
1
33
0.7
135
790
1989
0
1.8
1
16
1
10
0.9
86
791
1754
0
1.6
0
0
0
15
0.1
166
792
1329
0
1
0
3
1
42
0.1
144
793
1093
0
1.1
1
0
0
42
0.4
114
794
986
1
2.2
1
5
1
38
0.3
95
795
848
0
1.1
1
7
1
39
0.4
107
796
1146
0
0.5
1
4
1
21
0.5
152
797
841
1
0.5
0
0
0
59
0.2
103
798
1140
1
0.9
1
0
0
40
0.1
119
799
1091
1
1.8
1
4
0
8
0.5
100
800
1360
0
0.7
0
8
1
25
0.4
108
801
1038
0
1
0
2
0
28
0.2
154
802
1111
0
2.5
1
4
0
46
0.4
152
803
1220
0
0.5
1
8
0
52
0.8
121
804
1636
1
1.8
0
9
0
52
0.9
188
805
1800
1
1.6
1
2
0
23
0.8
187
806
674
1
2.4
0
5
0
49
0.6
130
807
1591
1
2.4
0
4
0
3
0.5
192
808
1190
0
0.8
0
5
0
61
0.6
145
809
572
0
2.8
0
4
1
35
0.2
99
810
1143
1
2.9
0
0
0
64
1
143
811
1492
0
0.5
0
13
0
36
0.4
185
812
1825
1
2.3
0
9
1
27
0.8
163
813
1450
1
2.4
0
2
1
45
0.6
83
814
1629
1
2.3
0
4
0
48
0.4
121
815
669
0
0.5
1
0
0
46
0.7
144
816
575
1
1.1
0
2
0
10
0.2
163
817
900
1
2.8
0
3
0
56
0.9
112
818
1057
1
0.5
0
4
1
42
0.7
112
819
1247
0
0.8
1
16
0
24
0.8
116
820
1992
1
1.3
1
8
1
43
1
153
821
974
0
2.1
0
1
1
17
0.7
162
822
1715
1
0.5
1
8
1
47
0.4
116
823
1570
0
0.5
0
15
1
26
0.6
157
824
1724
0
2
1
1
0
21
0.2
105
825
1886
1
1.6
0
0
1
47
0.1
180
826
1177
0
2.4
1
7
1
38
0.7
162
827
1036
0
1.4
1
6
1
37
0.5
184
828
1336
1
2.6
0
7
0
26
0.5
83
829
1004
0
1.9
0
12
0
24
0.8
128
830
1123
1
2.9
1
10
0
5
0.1
145
831
1730
0
1.3
1
2
1
48
0.4
198
832
1890
0
2.1
1
13
1
17
0.5
127
833
1055
1
3
1
1
0
56
0.6
111
834
805
1
2.4
1
2
0
59
0.7
110
835
608
0
1.3
1
15
1
2
0.4
139
836
1130
0
0.6
0
5
0
51
0.5
175
837
1208
1
0.7
0
8
0
13
0.9
86
838
535
0
1.3
0
1
0
53
0.5
151
839
1191
1
1.7
0
1
0
7
0.4
102
840
922
0
2.7
1
0
1
3
0.5
100
841
966
1
0.5
0
3
0
37
0.7
123
842
1351
1
0.7
0
10
0
48
0.5
134
843
732
0
1.3
1
12
1
48
0.5
141
844
1005
0
2
1
9
1
11
0.8
132
845
1575
1
2.4
1
2
0
22
0.7
81
846
1427
0
2.8
1
10
1
11
0.5
155
847
1306
1
2.9
0
5
0
26
0.9
145
848
1911
1
1.1
0
3
0
25
0.4
106
849
1170
1
2.2
0
4
1
63
0.7
83
850
1278
0
1.5
1
6
0
64
0.2
146
851
1709
0
0.5
0
0
1
55
0.8
144
852
1904
0
0.8
1
2
1
27
0.6
198
853
1741
1
0.5
1
6
0
37
0.7
183
854
1288
1
0.5
1
0
0
48
0.5
92
855
1976
0
2.5
1
4
0
33
0.7
196
856
1270
0
0.5
0
1
1
62
0.5
142
857
1246
0
1.6
1
0
0
52
0.6
187
858
1544
1
0.5
1
12
1
20
0.9
144
859
671
0
0.5
0
1
0
38
0.1
105
860
582
1
2.3
1
6
1
51
0.9
156
861
1951
0
2.1
0
5
0
22
0.5
132
862
822
0
1.1
1
2
0
44
0.9
146
863
733
1
0.5
1
9
1
63
0.1
153
864
820
1
0.5
1
10
1
15
0.3
149
865
1455
0
2.2
1
8
1
19
0.3
174
866
1723
1
0.6
1
1
0
57
0.3
122
867
1869
0
1.6
0
2
1
60
1
124
868
1670
0
0.5
0
1
1
33
0.9
127
869
1734
0
1.4
1
8
0
57
0.5
188
870
602
0
2.5
0
7
1
59
0.3
166
871
1060
0
2.5
1
6
1
31
0.6
162
872
1445
1
1.4
0
11
1
8
0.7
164
873
1005
1
1.6
1
6
0
32
0.6
199
874
536
0
0.5
0
8
1
27
0.3
108
875
1255
0
1.1
0
0
1
34
0.2
85
876
1252
1
2.6
1
1
1
43
0.8
124
877
1471
1
2
0
0
1
54
0.7
127
878
914
1
2.3
1
0
1
47
0.5
119
879
1439
1
2.6
1
3
1
14
0.3
101
880
732
1
0.5
0
6
0
60
0.1
92
881
1025
1
1.9
0
3
1
38
0.7
138
882
842
0
2.7
1
18
0
31
0.4
161
883
643
1
1.8
1
0
0
28
0.4
199
884
667
0
0.7
1
8
0
23
0.8
136
885
1791
1
2.3
0
5
0
29
0.9
196
886
1104
0
0.5
1
2
0
57
0.6
129
887
1276
1
3
0
5
1
33
0.6
136
888
927
0
1.2
1
2
1
22
0.1
162
889
859
0
1.1
1
11
1
19
0.5
139
890
1162
1
2.9
1
2
0
57
0.3
146
891
1876
0
2.4
0
11
0
22
0.7
168
892
1057
0
2.7
1
3
0
36
0.7
105
893
1926
0
1.8
0
1
0
15
0.9
86
894
853
0
0.6
1
3
1
40
0.7
166
895
1949
1
1.5
0
1
1
7
0.5
175
896
1981
0
0.5
0
3
0
38
0.2
103
897
1556
1
2.9
1
5
1
21
0.5
197
898
660
1
0.7
1
3
0
12
0.4
161
899
1955
1
1.4
0
1
0
30
0.2
91
900
1567
0
0.6
1
6
0
63
0.8
83
901
1307
0
2.1
0
5
0
44
0.1
189
902
1421
1
2.9
0
2
0
43
0.2
130
903
1332
0
2.4
0
0
0
44
0.9
81
904
1628
1
1.4
1
4
0
3
0.4
184
905
1752
0
2.6
1
8
1
17
0.4
115
906
1733
0
0.5
0
2
0
20
0.5
156
907
1081
1
1.2
0
7
0
51
0.2
194
908
854
1
2.6
1
1
1
45
0.5
162
909
1657
0
2.6
1
3
1
22
0.5
87
910
1053
0
2.1
0
4
0
12
0.1
95
911
1370
0
2.9
0
2
1
24
0.3
100
912
1652
1
1.5
1
1
0
57
0.1
175
913
915
0
2.8
1
4
0
22
1
174
914
1272
1
0.5
0
1
1
50
0.7
129
915
646
1
2.3
1
15
1
10
0.9
180
916
1359
1
0.9
1
6
0
40
0.1
182
917
1691
0
0.5
0
0
0
24
0.3
119
918
796
1
1.5
1
3
0
62
0.7
99
919
534
1
1.9
1
1
1
60
0.2
159
920
721
1
2.6
1
1
0
39
0.6
168
921
675
1
2.8
0
11
0
44
0.1
169
922
1182
1
1.4
1
5
1
21
0.5
107
923
1062
1
2.9
1
3
1
12
0.3
152
924
732
1
0.5
0
1
1
7
0.4
113
925
781
1
0.9
1
0
0
62
0.1
94
926
790
1
1
1
9
1
45
0.1
200
927
1480
1
0.9
0
0
0
62
0.9
199
928
946
1
1
0
13
0
56
0.7
128
929
1545
1
1.7
0
1
1
59
0.7
183
930
898
0
2.7
0
0
0
16
0.2
81
931
1662
0
0.5
0
0
0
48
0.8
155
932
1056
0
2.2
0
6
0
2
0.4
166
933
1074
0
1.4
1
0
1
17
0.7
115
934
1772
1
0.5
0
0
1
55
0.5
149
935
694
1
0.5
1
6
0
3
0.8
107
936
1387
1
1
0
0
1
3
0.9
154
937
1259
1
1
1
7
1
6
0.1
110
938
1066
1
2.4
0
6
0
23
0.6
173
939
940
1
2
1
7
1
24
0.6
81
940
1517
1
2.2
1
11
0
19
0.3
179
941
986
0
1.4
1
6
1
29
0.2
122
942
1595
1
1.1
0
4
1
31
0.1
101
943
708
0
2.4
1
0
0
56
0.7
104
944
726
1
0.5
1
1
1
6
0.7
183
945
761
1
0.5
0
4
1
5
0.8
181
946
643
0
2.6
0
0
1
8
0.3
115
947
871
1
1.7
1
0
0
56
0.6
124
948
1347
0
2.1
1
4
0
44
0.8
97
949
1659
0
2.7
0
18
0
64
0.7
83
950
1259
0
1.2
0
0
1
61
0.5
82
951
544
0
1.6
0
5
1
39
0.1
91
952
1570
0
0.6
0
7
0
12
0.2
141
953
690
0
2.9
0
8
0
38
0.9
154
954
1053
0
2.5
1
12
1
3
0.6
86
955
1772
0
2.4
1
5
0
8
0.1
135
956
1891
1
1.3
1
10
1
23
0.4
158
957
937
1
1.5
0
2
1
44
0.8
133
958
913
0
2.9
0
13
1
34
0.7
183
959
1066
1
0.9
0
4
0
43
0.4
101
960
840
1
1.6
1
0
0
7
0.9
147
961
710
1
2.3
1
1
1
24
0.4
153
962
623
1
0.5
1
5
1
29
0.9
134
963
700
1
1.3
0
2
0
40
0.1
150
964
995
0
2.6
1
4
0
7
0.8
157
965
1325
0
1.3
1
10
1
33
0.9
165
966
1982
1
2.6
1
7
1
43
0.3
113
967
1401
0
2.7
0
0
0
16
0.1
187
968
636
1
2.6
1
7
1
55
0.3
183
969
1637
1
0.6
1
12
1
57
0.5
111
970
1036
0
0.9
0
16
0
9
0.2
119
971
1247
1
2.1
0
10
1
63
0.1
116
972
1207
0
1.1
1
9
1
56
0.1
141
973
1198
1
0.5
1
0
0
31
0.6
125
974
1796
1
0.5
0
0
0
44
0.2
169
975
1855
0
1
1
8
0
58
0.9
145
976
1557
1
1.6
0
7
0
26
0.3
154
977
958
0
0.5
1
0
1
47
0.7
116
978
1882
1
2.1
1
0
0
17
0.1
127
979
1489
0
0.5
1
7
0
60
0.8
197
980
1980
0
0.5
1
7
0
15
0.4
141
981
1235
0
1.8
1
3
0
21
0.5
197
982
829
0
2.6
1
11
1
10
0.1
132
983
1998
1
0.5
0
6
0
47
0.2
182
984
1814
0
1.6
0
6
1
3
0.7
156
985
1711
1
0.5
1
1
1
12
1
97
986
971
1
2.1
0
9
0
7
0.3
143
987
991
0
2.6
0
0
0
19
0.5
133
988
905
0
1.9
1
11
1
12
0.7
173
989
1653
1
1.3
0
0
0
49
0.7
99
990
635
1
1.9
1
0
1
57
1
136
991
1807
0
1.2
0
4
0
37
0.8
162
992
1797
1
2.6
0
4
0
42
0.6
174
993
1895
0
0.5
1
0
1
62
0.9
99
994
567
1
2.7
1
14
1
56
0.4
165
995
936
1
1.4
1
0
0
46
0.8
139
996
1700
1
1.9
0
0
1
54
0.5
170
997
609
0
1.8
1
0
0
13
0.9
186
998
1185
0
1.4
0
1
1
8
0.5
80
999
1533
1
0.5
1
0
0
50
0.4
171
1000
1270
1
0.5
0
4
1
35
0.1
140